4.5 4.5 3.5
4.5 3.0 9.5
4.0 4.5 16.0
4.5 4.5 22.5
4.0 4.0 28.5
4.0 4.0 34.5
3.0 4.0 39.5
4.0 4.0 45.5
2.5 3.5 51.5
2.5 4.5 56.5
3.0 3.0 61.5
3.5 3.5 67.0
4.5 4.5 74.5
4.0 4.5 83.0
3.5 3.0 89.5
4.5 3.0 94.5
4.0 3.5 100.5
4.0 3.5 106.5
4.5 4.5 112.0
4.5 4.0 117.5
2.5 3.5 122.5
4.0 4.0 127.5
4.5 3.5 132.5
4.0 4.5 138.0
3.5 4.5 144.5
3.5 3.5 151.5
4.5 3.0 157.5
4.0 4.5 164.0
4.0 4.0 171.0
2.5 4.0 176.5
4.5 4.0 182.0
4.0 4.5 188.0
4.0 3.5 193.5
4.5 3.0 198.5
4.5 4.5 204.5
3.5 3.5 211.0
4.0 4.0 217.0
4.0 4.5 222.5
3.0 3.0 227.5
3.5 3.5 233.0
3.5 3.0 238.5
3.5 4.5 243.5
4.0 4.0 250.0
4.5 4.5 257.5
2.5 4.0 263.5
3.5 3.5 269.0
3.5 4.0 274.5
4.5 4.0 280.5
4.0 4.5 287.5
4.0 4.5 294.5
3.0 4.5 300.5
4.5 3.0 306.0
3.0 3.0 311.5
3.0 3.5 316.5
3.5 3.0 321.5
3.5 4.0 327.0
3.5 4.0 333.0
4.5 4.5 339.5
3.5 3.5 346.0
4.0 3.5 351.5
4.5 4.5 356.5
4.0 4.5 361.5
4.0 3.0 366.5
4.5 2.5 371.5
4.5 4.5 376.5
4.5 4.0 382.5
4.5 2.5 388.5
3.0 4.0 393.5
4.5 4.0 398.5
4.0 4.5 404.0
4.5 4.5 411.0
3.5 4.0 418.0
2.5 3.5 423.5
4.5 3.5 428.5
3.5 3.5 433.5
3.0 4.0 438.5
3.5 3.5 443.5
3.0 3.0 448.5
4.5 3.5 453.5
4.0 4.0 459.5
4.5 4.0 465.5
4.5 4.0 471.0
4.5 3.5 476.5
4.0 3.5 481.5
2.5 4.0 486.5
4.0 4.5 492.0
4.0 4.5 497.5
3.0 4.5 503.0
3.5 4.0 509.0
4.5 3.5 515.0
4.0 4.0 520.5
4.5 4.0 525.5
3.5 4.0 531.0
2.5 3.0 536.5
4.5 4.0 541.5
4.0 4.5 548.0
4.0 4.5 554.5
3.5 3.5 559.5
4.5 4.5 565.0
3.5 4.0 570.5
4.5 3.5 575.5
4.5 3.0 581.0
4.5 3.0 587.0
2.5 3.0 592.5
4.5 3.0 598.0
4.0 2.5 603.5
4.0 3.0 608.5
3.0 4.5 614.0
4.5 3.0 619.5
4.5 4.5 626.0
3.0 4.5 633.0
3.0 4.5 638.5
4.5 3.5 643.5
4.0 4.0 649.5
4.0 4.5 655.5
4.5 3.0 660.5
4.0 4.0 666.0
3.0 4.0 671.5
4.5 4.5 677.0
3.0 3.0 682.5
4.0 4.5 688.5
3.5 3.0 695.0
3.0 4.0 700.5
3.5 4.0 706.5
4.0 4.0 712.5
4.5 3.5 718.0
4.0 4.0 724.0
4.0 4.5 729.5
4.0 4.0 735.5
4.5 4.0 742.0
2.5 4.0 747.5
4.5 4.5 752.5
4.0 4.5 758.5
3.0 4.0 764.5
4.0 4.5 770.5
3.0 3.5 776.5
3.0 4.0 781.5
2.5 3.5 786.5
3.0 4.0 791.5
3.5 4.0 796.5
3.5 3.5 802.5
4.0 4.5 809.0
3.0 3.0 814.5
3.5 3.5 820.0
4.0 4.5 826.5
3.5 4.0 833.0
3.0 4.0 838.5
3.5 3.5 843.5
3.5 3.0 848.5
4.5 3.0 854.0
3.5 4.5 860.5
3.5 4.0 867.0
4.5 4.0 872.5
4.0 4.5 878.0
3.5 3.5 884.0
3.0 4.5 889.5
4.5 2.5 894.5
4.5 4.5 901.0
4.0 4.0 908.0
4.5 4.0 914.5
3.5 3.0 920.5
4.0 4.0 925.5
3.5 3.5 930.5
4.0 4.5 936.0
4.5 4.0 942.0
3.5 4.0 948.0
4.5 4.5 954.0
4.0 4.0 960.5
4.0 3.0 966.5
4.5 4.5 973.0
4.5 4.5 980.5
2.5 4.5 986.5
2.5 4.0 991.5
4.5 4.5 996.5
4.5 3.5 1002.0
3.5 4.5 1008.0
4.0 4.0 1014.0
4.5 3.5 1019.5
4.5 3.5 1025.0
4.5 4.5 1032.0
3.0 3.5 1039.0
2.5 4.0 1044.5
3.5 3.5 1049.5
3.5 4.0 1055.0
3.0 4.0 1061.0
4.5 4.0 1068.0
4.5 4.0 1075.5
4.0 4.5 1083.0
4.5 4.5 1090.0
2.5 3.5 1095.5
4.0 4.0 1102.0
4.5 3.5 1109.5
3.5 3.5 1116.5
4.0 4.0 1123.0
2.5 3.5 1128.5
4.5 4.0 1134.0
4.5 4.5 1140.5
3.5 4.0 1146.5
3.5 4.0 1151.5
2.5 3.0 1156.5
3.5 3.5 1161.5
4.0 4.5 1167.5
3.5 4.5 1174.0
4.0 4.5 1180.0
4.0 3.5 1186.5
4.5 3.5 1192.5
3.5 4.0 1198.5
3.5 4.0 1205.5
3.5 4.0 1211.5
4.5 4.5 1217.0
4.5 4.5 1224.5
4.5 3.5 1231.5
3.0 3.0 1236.5
3.5 4.0 1242.0
3.5 4.5 1248.5
3.0 3.5 1255.0
3.0 3.0 1260.5
2.5 4.0 1265.5
4.5 4.0 1270.5
2.5 4.5 1275.5
4.5 4.5 1282.0
3.5 3.5 1288.5
4.0 4.0 1293.5
3.0 4.0 1298.5
3.5 3.5 1303.5
2.5 3.5 1308.5
3.5 4.0 1314.5
3.5 4.0 1321.0
3.0 3.5 1327.0
3.0 3.5 1332.5
3.0 3.5 1337.5
3.5 4.5 1342.5
4.5 4.5 1347.5
2.5 4.0 1352.5
4.0 4.0 1359.0
2.5 3.0 1365.5
3.5 3.0 1370.5
3.5 4.5 1376.0
4.5 4.0 1382.5
3.5 3.0 1389.0
3.5 4.5 1394.5
4.5 4.0 1401.0
4.0 4.0 1408.0
4.0 4.0 1414.5
3.5 3.0 1421.0
4.0 4.5 1427.5
4.0 4.0 1434.5
3.5 3.0 1441.0
4.5 4.5 1447.5
4.0 4.0 1454.0
4.0 4.0 1460.0
2.5 4.0 1465.5
2.5 4.0 1470.5
4.5 4.0 1476.0
4.5 2.5 1481.5
3.5 3.0 1486.5
2.5 3.5 1491.5
3.0 4.5 1497.0
4.5 3.0 1502.5
3.5 3.5 1507.5
3.0 4.0 1513.0
4.0 4.5 1519.0
3.0 3.0 1525.0
4.5 4.0 1530.5
4.5 4.5 1537.0
3.0 3.0 1544.0
4.0 4.0 1550.0
4.5 3.5 1556.0
4.5 4.5 1562.5
4.0 2.5 1568.5
4.0 4.0 1574.0
3.0 4.0 1580.0
3.5 3.0 1586.0
3.5 3.5 1592.0
4.0 4.5 1599.0
3.5 3.5 1606.0
3.5 4.0 1612.0
4.0 4.5 1618.5
2.5 3.0 1624.5
4.0 4.5 1630.5
3.5 3.0 1636.5
4.5 4.5 1642.5
4.0 4.5 1648.5
3.0 3.5 1653.5
3.5 3.0 1658.5
3.5 4.5 1664.0
4.0 3.5 1670.0
4.5 4.5 1676.5
3.0 4.5 1682.5
4.0 3.0 1688.0
3.5 3.5 1694.0
3.0 4.0 1700.0
4.5 4.5 1705.5
3.5 3.5 1710.5
3.5 3.5 1716.0
3.5 4.0 1722.0
4.0 3.5 1727.5
3.5 4.0 1733.5
4.0 4.5 1739.5
4.0 4.5 1744.5
4.5 4.5 1749.5
3.0 3.5 1755.0
4.0 3.5 1761.0
4.5 4.0 1766.5
4.5 3.0 1771.5
3.5 4.0 1776.5
3.0 3.0 1782.0
3.0 3.5 1787.5
3.5 3.5 1793.0
3.5 3.5 1799.0
3.0 3.5 1804.5
4.0 3.5 1810.0
3.5 3.5 1816.5
4.0 4.5 1823.0
4.0 4.5 1829.0
3.5 3.0 1835.0
3.5 4.0 1840.5
3.0 3.0 1845.5
4.5 4.0 1851.5
3.0 3.0 1858.0
4.0 3.5 1864.0
4.5 4.5 1870.5
3.5 4.0 1877.5
4.5 3.0 1884.0
4.5 4.0 1891.0
4.0 3.0 1897.5
4.0 4.5 1902.5
4.5 3.5 1908.0
3.0 3.5 1913.5
2.5 3.5 1918.5
4.0 3.5 1924.0
4.5 4.0 1929.5
3.5 4.5 1934.5
4.0 4.0 1939.5
4.0 4.0 1945.5
3.5 4.0 1952.0
4.5 4.0 1957.5
4.5 3.5 1963.0
4.0 4.5 1969.5
3.5 3.0 1975.5
3.0 3.0 1980.5
3.0 3.0 1986.0
3.5 3.0 1992.0
3.0 3.0 1997.5
4.0 4.0 2003.0
3.0 4.5 2008.5
3.0 3.5 2014.0
3.5 4.5 2020.5
4.0 4.5 2028.0
4.0 4.0 2036.0
4.5 4.0 2043.5
4.0 4.5 2051.0
4.5 4.5 2058.5
3.5 4.0 2064.5
4.0 4.5 2070.0
4.0 4.0 2075.5
3.5 4.0 2081.5
4.0 4.5 2087.5
3.5 4.0 2093.0
3.5 3.0 2098.5
3.5 4.0 2104.0
4.5 4.5 2109.5
2.5 3.5 2114.5
3.5 4.0 2120.5
2.5 4.5 2126.5
3.5 4.0 2132.0
3.0 3.5 2138.0
4.0 4.0 2145.0
4.5 4.5 2153.5
2.5 4.5 2160.5
3.5 4.5 2165.5
3.5 4.5 2170.5
4.0 4.0 2176.5
4.5 4.5 2183.5
4.5 3.0 2189.5
4.5 3.5 2194.5
4.0 4.5 2199.5
4.5 4.0 2205.0
3.0 4.0 2211.0
4.0 4.0 2217.0
4.0 4.5 2223.5
4.5 4.0 2230.0
3.5 3.5 2236.0
3.5 2.5 2241.5
3.5 3.5 2247.0
4.0 3.5 2253.0
3.0 3.5 2259.0
4.0 4.5 2265.0
3.0 4.0 2271.0
4.5 3.5 2276.5
3.0 4.5 2281.5
4.0 2.5 2286.5
4.5 3.5 2292.0
3.0 4.5 2298.0
3.0 3.5 2304.0
2.5 3.5 2309.5
2.5 3.0 2314.5
3.0 3.0 2319.5
3.5 3.5 2325.0
3.5 4.5 2330.5
4.0 3.5 2335.5
4.0 4.5 2341.0
3.5 4.0 2347.0
3.0 3.0 2353.0
2.5 3.0 2358.5
2.5 3.0 2363.5
4.5 4.5 2369.5
3.0 4.0 2375.5
4.5 4.5 2381.5
2.5 4.0 2387.5
4.5 3.0 2392.5
3.0 4.0 2398.0
4.5 3.0 2403.5
3.5 4.5 2408.5
4.5 4.5 2415.0
3.5 3.5 2421.5
4.5 4.5 2426.5
3.0 4.0 2431.5
4.0 3.0 2437.0
3.0 4.0 2442.5
4.5 3.5 2447.5
3.5 4.5 2453.5
3.5 4.0 2459.5
3.0 4.5 2465.0
4.5 4.5 2471.0
3.0 3.0 2477.0
4.5 3.0 2482.5
4.0 4.0 2488.5
3.5 3.5 2494.5
4.5 4.5 2499.5
4.0 4.0 2505.0
4.0 3.0 2510.5
4.5 4.0 2516.5
4.5 4.5 2522.5
3.0 2.5 2527.5
4.0 4.0 2532.5
4.5 4.5 2539.0
4.0 3.5 2546.0
4.0 3.5 2551.5
3.0 3.0 2556.5
3.5 3.5 2561.5
3.0 3.5 2567.0
4.5 4.5 2574.0
4.0 4.5 2581.5
3.0 4.0 2587.5
4.5 4.0 2593.5
4.0 4.0 2600.5
4.5 4.0 2606.5
4.5 2.5 2611.5
3.5 4.0 2617.5
3.0 4.5 2623.5
4.5 2.5 2628.5
4.5 3.5 2634.0
3.5 4.5 2640.0
4.0 3.0 2646.0
3.0 4.0 2651.5
3.5 4.0 2657.5
4.0 4.5 2664.0
3.0 3.0 2669.5
2.5 3.5 2674.5
4.0 4.5 2679.5
4.0 4.0 2685.5
3.5 3.5 2692.5
4.0 4.5 2699.0
3.5 3.0 2704.5
4.0 3.0 2709.5
3.0 4.0 2715.0
2.5 4.0 2720.5
3.0 3.0 2725.5
4.5 4.0 2732.0
4.0 4.5 2738.5
3.0 3.5 2744.0
3.0 4.0 2750.0
4.5 3.5 2756.0
4.0 4.5 2763.0
4.0 2.5 2769.5
4.0 3.5 2774.5
4.5 4.0 2780.5
4.5 3.5 2786.5
3.5 2.5 2791.5
4.5 4.5 2797.5
4.5 4.0 2804.5
3.5 3.5 2811.0
4.0 4.5 2818.0
4.5 3.5 2825.0
4.0 4.0 2831.0
4.5 3.0 2836.5
3.0 4.0 2841.5
3.5 4.0 2847.0
4.5 4.0 2852.5
3.0 4.0 2857.5
3.0 4.0 2863.0
3.5 3.5 2869.0
3.0 4.0 2874.5
4.5 3.0 2880.0
4.5 4.0 2886.0
4.0 4.5 2891.5
4.0 4.5 2897.0
3.0 3.5 2902.5
4.5 4.5 2907.5
4.0 3.0 2912.5
4.0 4.0 2918.5
4.0 4.0 2925.5
4.0 4.5 2932.5
3.0 3.0 2938.5
4.5 3.5 2944.0
4.5 2.5 2949.5
3.0 4.5 2955.0
4.0 4.0 2962.0
4.5 4.5 2968.5
3.5 4.5 2974.0
3.5 3.5 2979.5
4.0 3.5 2985.0
2.5 4.5 2990.5
4.5 4.5 2996.0
4.5 4.0 3001.5
4.5 4.5 3007.5
3.5 3.0 3013.5
3.5 4.5 3019.0
4.5 3.0 3024.5
3.5 3.5 3029.5
2.5 4.0 3034.5
3.5 4.0 3039.5
4.5 3.0 3044.5
3.0 3.5 3049.5
4.5 4.5 3056.0
3.5 3.5 3062.5
4.0 3.0 3067.5
4.0 4.5 3073.0
3.0 3.0 3078.5
4.0 4.0 3084.0
3.5 3.5 3090.0
4.5 4.5 3096.0
4.5 4.0 3102.5
3.5 3.5 3109.0
4.5 4.5 3116.0
4.5 4.0 3123.0
3.0 4.5 3129.0
3.5 4.0 3134.5
4.0 4.5 3139.5
3.0 3.5 3144.5
3.5 3.5 3149.5
4.5 4.0 3154.5
3.5 3.5 3159.5
4.0 3.0 3164.5
3.5 4.5 3169.5
4.5 4.0 3174.5
3.5 4.0 3180.5
4.0 4.0 3186.5
4.0 4.5 3191.5
3.5 4.0 3197.0
4.0 3.0 3202.5
4.0 2.5 3207.5
3.0 4.0 3212.5
3.5 3.5 3217.5
4.0 3.0 3223.0
3.0 4.5 3229.0
4.0 4.5 3235.5
2.5 4.5 3241.5
4.5 3.5 3247.0
4.0 4.5 3253.5
3.5 4.5 3259.5
4.5 4.0 3265.5
3.5 4.5 3271.5
3.0 3.5 3277.0
4.5 3.5 3282.5
3.5 4.5 3288.0
4.5 4.5 3295.0
2.5 4.5 3301.5
4.0 3.0 3306.5
3.5 3.5 3312.0
3.5 4.0 3318.0
4.0 4.5 3324.5
3.0 4.0 3330.5
3.5 3.5 3336.0
4.0 3.5 3341.5
3.5 4.0 3347.0
3.0 2.5 3352.5
4.0 4.5 3358.5
4.5 4.5 3364.5
4.0 4.0 3370.0
4.5 4.5 3376.0
4.5 3.5 3381.5
3.5 4.5 3387.5
3.0 3.5 3394.0
3.5 4.5 3400.0
4.0 4.5 3405.5
3.5 4.5 3411.5
4.5 3.5 3418.0
3.5 4.0 3424.0
4.5 4.0 3429.5
4.5 3.0 3434.5
2.5 3.0 3439.5
2.5 3.0 3444.5
3.5 3.5 3449.5
4.5 3.5 3455.0
4.5 4.5 3461.0
2.5 3.0 3466.5
3.5 4.0 3472.0
3.5 4.5 3478.0
2.5 4.0 3483.5
3.0 4.0 3489.0
3.0 4.5 3494.5
4.0 4.5 3499.5
3.0 4.0 3505.0
4.0 4.0 3510.5
4.0 4.5 3517.0
4.5 4.0 3524.5
3.0 4.0 3530.5
4.5 3.5 3536.0
4.0 4.0 3541.5
3.0 3.5 3546.5
3.0 4.0 3551.5
3.0 3.5 3557.0
4.0 4.0 3564.0
3.0 4.5 3570.5
4.5 4.0 3576.0
3.5 3.5 3582.0
4.0 4.5 3588.0
4.0 2.5 3593.5
3.0 2.5 3598.5
4.0 4.5 3605.0
4.0 4.0 3612.0
3.0 3.0 3617.5
4.5 4.0 3622.5
3.5 4.5 3627.5
4.5 3.0 3632.5
4.5 4.0 3638.5
3.0 4.5 3644.5
3.5 4.0 3650.0
4.0 3.0 3655.5
4.0 4.5 3661.5
4.0 3.0 3667.5
3.0 3.5 3672.5
3.5 4.5 3678.0
4.5 4.5 3683.5
4.5 3.0 3688.5
3.5 4.5 3694.0
4.5 3.0 3699.5
4.0 3.5 3705.0
4.0 4.5 3710.5
4.0 4.5 3717.0
3.5 4.0 3724.0
4.5 4.5 3731.0
4.5 4.5 3737.5
3.0 3.0 3742.5
2.5 3.5 3747.5
4.0 4.5 3752.5
4.5 4.0 3758.0
3.5 4.5 3763.5
3.0 4.5 3769.0
4.0 4.0 3775.5
4.0 4.5 3783.0
3.5 4.5 3789.5
4.0 4.0 3794.5
3.5 3.0 3799.5
3.5 3.0 3805.0
4.5 3.0 3810.5
3.5 3.5 3816.5
3.5 3.0 3822.5
3.0 3.5 3828.0
3.0 4.5 3833.5
3.5 4.0 3839.0
3.0 3.5 3845.0
4.0 4.0 3851.5
4.0 4.0 3858.5
4.0 4.5 3865.0
4.0 4.0 3871.5
4.0 4.0 3878.5
3.5 4.0 3885.0
4.5 3.5 3890.5
4.5 4.5 3896.0
4.0 4.0 3902.5
2.5 2.5 3908.5
3.5 4.0 3914.0
4.0 4.5 3920.0
4.5 3.5 3925.5
4.0 2.5 3930.5
3.0 4.0 3935.5
3.5 3.5 3940.5
4.5 3.5 3946.0
2.5 4.5 3951.5
3.5 4.0 3957.5
4.0 4.0 3964.5
4.5 4.0 3971.5
3.5 3.5 3977.5
4.0 4.0 3983.0
2.5 3.0 3988.5
4.5 4.0 3994.0
4.5 4.5 4001.0
3.5 4.5 4008.0
4.5 4.5 4014.5
2.5 4.5 4020.5
4.5 4.0 4026.0
4.0 2.5 4031.5
3.5 3.5 4037.5
3.0 3.5 4043.5
3.0 3.5 4049.0
3.5 4.0 4055.5
3.5 4.0 4061.5
3.5 4.5 4067.0
3.5 4.5 4072.5
3.0 4.0 4077.5
4.0 4.0 4083.5
4.5 4.5 4090.5
4.0 3.5 4097.0
3.0 4.0 4102.5
4.5 3.5 4107.5
4.0 3.5 4112.5
4.0 4.0 4118.5
4.5 4.5 4126.0
4.0 3.0 4133.0
2.5 4.5 4138.5
3.0 4.0 4143.5
4.5 4.0 4148.5
4.5 3.0 4153.5
4.5 3.0 4159.0
3.5 4.5 4164.5
4.5 4.5 4170.0
4.5 4.5 4177.5
4.5 4.0 4185.0
4.0 4.0 4191.0
4.0 4.0 4197.0
4.5 2.5 4202.5
3.0 4.0 4208.0
4.0 3.5 4214.0
3.5 3.0 4219.5
3.0 2.5 4224.5
4.0 3.5 4229.5
4.5 4.5 4235.5
3.0 4.0 4241.5
4.5 3.5 4246.5
3.0 4.0 4251.5
3.5 4.0 4257.5
3.5 4.5 4263.5
3.5 4.5 4268.5
3.0 4.0 4273.5
3.5 3.0 4278.5
4.5 3.5 4284.0
3.5 4.5 4289.5
4.5 4.5 4296.0
4.0 2.5 4302.5
4.0 2.5 4307.5
3.5 4.0 4313.0
4.0 3.5 4319.0
4.0 3.5 4325.0
4.5 3.5 4331.5
4.5 4.5 4338.0
4.0 3.5 4344.0
4.0 4.5 4349.5
3.0 4.0 4354.5
2.5 4.5 4359.5
3.5 4.0 4364.5
4.0 4.0 4370.5
4.5 4.5 4378.0
4.0 4.0 4384.5
3.5 3.0 4389.5
4.5 4.0 4394.5
4.0 4.0 4400.0
3.5 3.0 4406.0
4.5 4.5 4412.5
3.0 2.5 4418.5
3.0 3.0 4424.0
4.0 4.0 4429.5
4.5 4.5 4435.5
4.0 4.5 4442.5
4.5 4.0 4449.0
4.5 3.0 4454.5
4.0 4.0 4460.0
4.0 4.5 4466.5
4.5 3.5 4472.5
4.5 3.0 4478.0
3.5 4.0 4484.0
3.5 3.5 4489.5
4.5 3.0 4494.5
3.0 4.0 4499.5
3.0 3.5 4504.5
3.5 4.0 4509.5
4.5 3.0 4514.5
4.5 3.0 4519.5
4.0 4.5 4524.5
3.5 4.0 4529.5
3.0 4.5 4535.0
3.5 2.5 4540.5
3.0 4.0 4545.5
4.5 4.5 4551.0
4.0 4.0 4557.0
3.0 4.0 4562.5
4.5 4.5 4568.5
4.0 4.0 4576.0
3.5 4.5 4583.5
4.0 4.5 4591.0
4.0 4.0 4598.5
4.0 3.5 4604.5
4.5 4.5 4610.5
4.5 4.5 4618.0
3.0 3.5 4624.5
3.5 4.0 4630.0
4.0 3.5 4635.5
3.0 4.0 4640.5
3.5 4.5 4646.0
4.0 4.0 4652.0
3.0 4.0 4657.5
4.0 4.0 4662.5
4.5 3.0 4668.0
4.5 4.0 4673.5
4.0 4.0 4678.5
4.5 3.0 4683.5
3.0 4.0 4689.0
4.0 4.5 4694.5
3.5 3.0 4699.5
4.5 4.5 4705.5
4.0 4.0 4712.5
4.0 4.5 4719.5
4.5 4.5 4726.0
4.5 3.0 4732.0
3.5 3.0 4737.5
4.5 4.0 4743.5
4.0 4.5 4751.0
3.0 3.5 4757.5
4.5 4.5 4763.0
2.5 2.5 4768.5
4.0 3.5 4774.0
4.0 3.0 4779.5
4.0 4.0 4785.0
4.0 4.5 4792.0
3.5 3.0 4798.5
4.5 4.5 4805.0
3.0 3.0 4811.5
4.5 4.5 4817.0
3.5 3.0 4823.0
2.5 4.0 4828.5
4.0 3.5 4833.5
3.5 4.5 4838.5
4.5 4.0 4845.0
4.5 3.5 4852.0
2.5 2.5 4857.5
3.0 3.0 4863.0
3.0 4.0 4868.5
3.5 4.0 4874.5
3.5 3.5 4880.5
4.5 4.0 4885.5
3.5 4.0 4891.0
3.5 3.5 4896.5
3.0 4.5 4902.0
4.0 4.5 4908.5
3.5 4.5 4915.5
4.0 4.0 4922.5
2.5 3.5 4928.5
3.5 4.0 4933.5
3.5 4.0 4938.5
2.5 2.5 4943.5
4.0 4.5 4949.0
4.5 4.5 4956.0
4.0 2.5 4962.5
4.5 4.5 4969.0
4.0 4.5 4976.0
4.0 3.5 4982.5
4.5 4.5 4988.5
3.0 4.5 4993.5
4.5 4.5 4999.0
4.0 4.5 5004.5
4.0 4.0 5010.5
4.0 4.0 5016.5
3.5 3.0 5021.5
4.0 3.0 5027.0
4.5 4.5 5033.5
3.0 3.0 5039.5
4.5 4.5 5046.0
3.5 4.0 5052.5
4.0 4.5 5058.5
4.5 3.5 5064.5
4.5 4.0 5071.0
3.0 3.0 5077.5
3.5 4.0 5083.5
4.0 4.0 5089.5
3.5 4.5 5094.5
4.5 4.0 5100.5
4.0 3.5 5107.5
3.5 4.5 5114.0
3.0 3.0 5120.0
3.0 2.5 5125.5
4.0 4.5 5131.0
4.0 4.5 5136.5
4.0 4.5 5141.5
4.0 3.0 5146.5
3.0 4.5 5151.5
4.0 4.0 5157.0
3.5 4.0 5163.5
2.5 2.5 5169.5
4.0 3.5 5174.5
4.0 3.0 5180.0
3.5 3.5 5185.5
3.5 4.5 5190.5
4.5 3.0 5195.5
3.0 4.0 5200.5
4.5 4.5 5206.0
4.5 3.0 5212.0
3.5 4.0 5218.0
3.5 3.5 5224.0
4.5 4.5 5230.0
4.0 4.0 5236.0
4.0 4.0 5241.5
3.5 4.5 5246.5
4.0 4.0 5251.5
4.0 4.0 5257.0
3.5 4.0 5262.5
3.5 4.5 5268.0
3.5 3.5 5274.0
3.0 3.0 5280.0
4.5 4.0 5285.5
4.5 4.0 5291.5
4.0 4.0 5299.0
3.5 4.5 5306.5
3.0 3.5 5312.5
4.0 3.0 5317.5
4.0 3.0 5322.5
3.0 4.5 5327.5
4.0 3.5 5332.5
4.5 4.0 5337.5
2.5 3.5 5342.5
4.0 3.5 5347.5
3.0 4.0 5353.0
4.0 4.5 5359.0
4.5 4.5 5366.0
3.0 4.5 5373.0
2.5 3.0 5378.5
4.0 3.5 5384.0
3.0 4.5 5390.0
2.5 3.0 5395.5
4.5 3.0 5401.0
4.0 3.5 5407.5
4.0 4.5 5415.0
4.0 3.0 5421.5
3.5 3.5 5427.5
4.5 4.0 5434.0
3.5 4.5 5439.5
4.5 4.5 5444.5
3.5 3.5 5450.0
4.5 3.0 5456.0
3.5 4.5 5461.5
3.5 3.5 5467.0
2.5 4.0 5472.5
3.5 3.5 5478.5
3.5 3.5 5484.5
3.0 2.5 5489.5
4.5 3.0 5495.0
3.0 3.5 5500.5
4.0 4.5 5506.0
3.5 3.5 5511.5
3.0 3.0 5517.0
4.5 4.5 5523.5
3.5 4.5 5530.5
4.5 4.0 5537.5
3.0 4.0 5543.5
4.0 4.5 5549.0
4.0 4.0 5555.5
4.5 3.5 5562.5
4.5 4.0 5568.5
3.5 3.0 5574.0
4.0 4.5 5581.0
3.5 4.5 5588.0
4.5 4.0 5593.5
3.5 3.5 5598.5
4.0 4.0 5603.5
3.0 4.5 5608.5
4.5 4.0 5614.0
3.0 4.5 5619.5
4.0 4.5 5624.5
3.0 4.0 5629.5
4.5 2.5 5634.5
4.0 3.0 5640.0
4.0 3.5 5646.0
3.5 3.5 5652.0
4.0 4.5 5658.5
4.5 3.5 5664.5
4.5 4.5 5669.5
4.0 4.5 5674.5
4.5 4.5 5679.5
4.5 3.5 5684.5
2.5 4.0 5689.5
2.5 4.5 5694.5
4.0 4.5 5699.5
4.5 4.0 5705.5
4.5 4.0 5712.0
3.5 4.0 5718.0
4.5 3.5 5723.5
2.5 3.5 5728.5
4.0 3.5 5734.0
4.5 4.5 5740.0
3.0 3.5 5745.5
3.0 4.5 5750.5
4.0 3.5 5756.0
3.5 3.5 5762.0
4.5 3.5 5767.5
3.0 3.5 5773.0
3.5 4.0 5779.0
4.5 3.0 5784.5
3.5 3.5 5790.0
3.0 4.5 5795.5
3.0 4.0 5801.0
3.5 4.0 5807.0
4.0 4.5 5813.0
3.5 3.5 5819.0
4.0 4.5 5826.0
4.0 2.5 5832.5
4.5 4.5 5838.0
4.5 3.5 5844.0
4.0 4.0 5851.0
4.5 3.5 5857.5
4.5 4.0 5863.0
3.0 4.5 5868.5
4.5 4.0 5873.5
4.0 3.5 5879.0
4.0 4.5 5884.5
4.5 4.0 5890.0
4.5 2.5 5895.5
4.5 4.0 5901.0
4.0 3.5 5906.5
3.5 3.5 5912.0
4.0 4.5 5918.0
4.5 4.0 5923.5
3.0 3.5 5929.0
3.5 4.5 5935.5
4.0 4.0 5943.0
3.5 4.5 5950.0
4.5 3.5 5956.0
4.0 3.0 5961.5
3.5 3.0 5967.0
3.0 3.0 5973.0
3.5 3.5 5978.5
3.0 4.0 5983.5
4.5 4.5 5989.0
4.0 4.0 5995.0
4.5 4.5 6001.5
3.0 3.5 6008.0
3.5 3.0 6014.0
4.0 3.0 6019.5
4.0 3.0 6024.5
4.5 3.5 6030.0
4.0 3.5 6035.5
4.0 2.5 6040.5
3.5 3.5 6046.0
3.5 4.5 6051.5
3.5 3.0 6056.5
4.5 4.5 6062.5
3.0 3.0 6068.5
3.0 4.0 6074.0
3.0 4.0 6079.5
4.5 3.0 6084.5
2.5 4.5 6089.5
4.0 3.5 6094.5
3.5 4.5 6099.5
3.5 4.0 6104.5
3.0 3.0 6109.5
4.5 4.5 6115.0
3.5 4.5 6121.0
4.5 4.0 6127.0
3.5 3.5 6133.0
4.5 3.0 6139.0
4.5 4.5 6145.5
4.0 4.0 6152.0
3.5 4.5 6158.5
4.0 4.5 6165.0
3.5 3.5 6170.5
3.0 4.5 6176.0
4.5 3.5 6182.0
2.5 3.0 6187.5
3.0 4.0 6193.0
4.5 4.5 6200.0
3.5 4.0 6207.0
4.5 3.5 6213.5
4.0 4.5 6220.5
3.5 4.5 6227.5
2.5 3.5 6233.5
3.5 4.0 6239.5
4.5 4.5 6247.0
2.5 3.5 6253.5
4.5 3.5 6259.0
4.5 4.5 6266.0
3.5 4.5 6272.5
2.5 3.5 6277.5
3.0 3.5 6282.5
3.0 4.5 6288.0
4.0 3.5 6294.0
3.5 2.5 6299.5
2.5 4.5 6304.5
4.0 3.5 6310.0
3.5 3.0 6315.5
3.0 4.5 6320.5
4.0 4.5 6327.0
4.0 3.0 6333.5
3.5 4.0 6338.5
4.0 4.5 6343.5
4.5 4.5 6349.5
4.0 4.5 6356.0
4.0 4.0 6362.5
3.0 3.0 6369.0
3.5 3.5 6375.0
4.0 4.0 6381.5
2.5 4.0 6387.5
4.0 4.0 6394.0
3.5 4.0 6401.0
4.0 4.0 6407.0
3.5 3.5 6412.5
4.5 4.5 6419.5
3.5 3.0 6427.0
4.0 4.0 6433.0
4.0 4.0 6438.5
4.0 4.5 6445.0
3.5 4.5 6452.0
2.5 4.5 6457.5
4.0 4.0 6463.5
3.5 4.5 6469.5
4.5 4.0 6475.0
4.0 3.5 6481.0
4.5 4.0 6487.5
4.5 4.5 6493.5
3.0 3.5 6499.0
3.0 4.5 6505.0
3.5 4.0 6510.5
3.5 3.0 6515.5
4.0 4.0 6521.0
3.0 3.5 6526.5
4.5 4.5 6532.0
4.5 4.5 6538.5
3.5 3.5 6545.0
4.5 4.0 6552.0
4.5 4.5 6560.5
3.5 3.5 6567.5
3.5 4.0 6573.5
3.0 4.0 6579.5
4.0 3.5 6585.0
4.5 4.5 6590.5
3.5 3.0 6595.5
4.5 4.0 6601.5
4.0 3.5 6607.5
4.5 3.5 6613.0
4.0 4.5 6620.0
4.5 4.5 6627.5
4.0 4.0 6635.0
3.5 4.5 6641.5
4.0 4.5 6647.0
2.5 3.0 6652.5
4.0 3.5 6658.0
4.5 3.5 6664.5
3.5 4.5 6670.5
4.5 3.5 6676.5
4.5 4.5 6682.5
3.5 2.5 6687.5
3.5 3.5 6693.0
3.5 3.5 6698.5
3.5 4.0 6703.5
3.0 4.0 6708.5
4.5 4.5 6713.5
4.5 3.5 6719.0
4.0 4.5 6725.5
3.0 3.5 6732.0
4.0 3.0 6737.5
3.0 2.5 6742.5
4.5 4.0 6748.5
3.5 3.5 6754.5
4.5 4.0 6759.5
3.5 3.5 6764.5
4.0 4.5 6770.0
4.0 3.5 6776.0
4.5 4.5 6782.5
4.5 3.5 6788.5
3.0 4.0 6794.0
4.0 3.5 6800.0
3.0 3.0 6805.5
4.0 4.0 6811.0
3.0 4.0 6816.5
3.5 3.5 6822.5
3.0 3.0 6829.0
4.5 3.0 6834.5
3.0 3.0 6839.5
4.0 4.0 6844.5
4.5 4.5 6850.0
4.5 4.0 6856.0
2.5 4.0 6861.5
4.0 3.5 6866.5
4.5 4.0 6871.5
4.0 4.0 6876.5
3.0 4.0 6882.0
3.5 3.0 6888.0
3.5 4.5 6894.0
4.0 3.5 6900.0
3.0 3.0 6905.5
4.0 3.0 6910.5
4.0 3.5 6916.0
3.5 3.0 6921.5
3.5 4.5 6927.0
3.5 4.0 6933.0
4.5 4.0 6939.0
4.5 4.5 6945.0
3.0 3.5 6951.0
4.0 3.0 6956.5
3.0 4.0 6961.5
3.5 4.0 6966.5
3.5 4.5 6971.5
2.5 2.5 6976.5
4.5 3.5 6981.5
3.5 4.0 6987.5
4.5 4.0 6993.5
4.5 3.5 6999.0
4.0 4.5 7004.5
3.5 4.0 7009.5
4.5 4.0 7016.0
3.5 4.0 7023.0
3.5 4.5 7028.5
4.0 3.5 7034.0
4.0 4.0 7039.5
4.0 4.5 7046.0
3.0 4.5 7052.5
4.0 3.5 7058.5
4.5 3.0 7064.5
3.5 4.5 7070.0
2.5 3.5 7075.5
3.5 4.0 7080.5
4.0 4.5 7086.5
4.5 4.5 7094.5
3.5 3.5 7102.0
3.5 3.5 7107.5
3.0 3.5 7112.5
4.5 4.5 7119.0
4.0 3.5 7125.5
3.5 3.5 7130.5
4.0 4.0 7136.0
3.5 4.0 7141.5
3.0 4.5 7146.5
3.0 3.5 7151.5
2.5 4.5 7156.5
4.0 2.5 7161.5
4.5 4.5 7167.0
4.0 4.5 7173.5
4.5 4.0 7181.0
4.0 4.5 7188.5
3.0 2.5 7194.5
3.0 2.5 7199.5
4.5 3.5 7204.5
4.0 3.5 7210.0
3.0 4.5 7215.5
4.5 4.5 7221.0
3.0 2.5 7226.5
3.0 4.0 7232.0
4.0 4.0 7238.0
3.5 3.0 7243.5
3.5 3.0 7248.5
4.5 4.5 7254.5
4.5 3.5 7261.5
3.0 4.5 7267.5
3.0 3.5 7272.5
3.5 4.5 7278.5
4.5 4.0 7285.0
4.0 4.5 7291.0
3.0 3.5 7297.0
4.0 4.0 7303.0
3.5 3.0 7308.5
3.5 4.5 7314.5
3.5 3.0 7320.5
3.0 2.5 7325.5
3.5 4.0 7330.5
3.5 4.0 7336.0
4.0 3.0 7341.5
3.0 3.0 7346.5
2.5 3.5 7351.5
3.5 4.5 7356.5
4.5 3.5 7361.5
2.5 4.5 7366.5
4.5 4.5 7373.0
4.0 4.5 7381.0
4.0 3.5 7387.5
4.5 4.0 7393.0
4.5 4.5 7398.5
4.0 4.5 7403.5
3.5 4.5 7408.5
4.5 4.0 7414.5
4.5 4.0 7420.5
4.5 4.0 7426.0
3.0 4.5 7432.0
3.5 3.5 7437.5
4.0 3.5 7442.5
4.0 4.0 7448.0
4.5 4.0 7454.5
2.5 4.0 7460.5
4.5 4.0 7466.5
4.5 2.5 7472.5
4.5 4.5 7479.0
3.5 3.5 7485.5
3.5 3.5 7491.0
4.0 4.5 7496.5
2.5 3.0 7501.5
3.0 3.5 7506.5
4.0 4.5 7513.0
4.0 4.5 7520.5
4.5 3.0 7526.5
3.5 3.5 7531.5
4.0 4.0 7537.0
4.5 4.5 7544.5
3.0 4.0 7552.0
4.5 4.5 7558.5
4.5 4.5 7566.5
3.5 3.5 7573.5
4.5 4.5 7580.0
3.0 4.0 7587.0
3.0 3.5 7592.5
4.5 3.5 7597.5
4.0 4.0 7603.0
4.0 3.5 7608.5
3.5 3.5 7614.0
4.5 3.5 7620.5
4.0 2.5 7626.5
3.5 4.5 7632.0
4.5 3.0 7637.5
4.5 3.5 7643.0
4.5 4.0 7648.5
4.0 4.5 7654.5
4.5 4.5 7661.0
4.5 4.0 7667.5
4.5 4.5 7674.0
3.5 3.5 7680.5
3.5 4.0 7686.5
4.5 3.0 7692.0
4.5 4.0 7697.5
3.5 3.5 7703.0
4.5 4.5 7710.0
4.0 4.5 7716.5
3.5 4.5 7721.5
4.5 4.0 7727.0
4.0 4.5 7734.0
3.0 3.5 7740.5
4.5 4.0 7746.5
3.5 3.0 7752.5
4.5 2.5 7757.5
4.0 3.5 7763.0
4.0 3.5 7769.0
4.0 4.5 7774.5
3.5 4.5 7779.5
2.5 4.5 7784.5
4.5 4.0 7790.5
4.0 3.5 7796.5
4.0 3.5 7801.5
3.5 3.0 7806.5
4.0 4.0 7811.5
4.5 4.5 7817.5
4.0 4.5 7824.5
4.0 4.0 7830.5
4.5 4.5 7836.5
4.5 3.5 7843.0
4.0 3.0 7848.5
3.5 4.5 7853.5
4.0 4.5 7859.0
4.5 3.5 7865.5
2.5 4.0 7871.5
2.5 3.0 7876.5
4.0 4.0 7881.5
3.5 2.5 7886.5
4.5 4.5 7892.0
4.5 4.0 7898.5
4.5 4.5 7906.0
3.5 3.0 7913.0
3.0 3.5 7918.5
4.0 4.5 7924.0
3.0 3.0 7929.5
4.5 4.5 7935.5
2.5 3.0 7941.5
4.0 4.5 7946.5
2.5 2.5 7951.5
3.5 3.5 7956.5
4.5 4.5 7962.5
4.0 4.0 7969.0
3.0 3.0 7974.5
4.0 4.5 7980.0
3.5 4.5 7985.5
4.0 4.5 7991.0
3.5 3.5 7997.0
4.0 4.0 8002.5
3.5 3.5 8007.5
3.0 3.0 8012.5
4.5 4.5 8018.5
4.0 3.0 8024.5
3.0 3.0 8029.5
4.0 4.5 8035.5
4.0 4.5 8042.5
3.0 4.5 8048.5
3.0 4.0 8054.0
4.5 4.5 8059.5
3.0 3.5 8065.0
4.5 4.0 8070.5
3.5 3.5 8076.0
2.5 4.0 8081.5
4.5 4.5 8087.0
4.0 3.0 8093.0
4.0 4.5 8098.5
3.5 4.0 8103.5
3.5 3.5 8109.5
3.0 2.5 8115.5
4.5 4.0 8121.5
4.5 3.0 8128.0
4.5 3.0 8133.5
3.0 3.5 8139.0
3.0 3.5 8144.5
3.5 4.0 8149.5
3.5 3.0 8154.5
4.0 3.0 8159.5
4.5 3.0 8164.5
4.5 4.0 8170.0
4.0 3.0 8175.5
4.5 4.0 8181.0
4.5 4.5 8186.5
4.5 4.5 8193.0
4.5 3.0 8200.0
2.5 4.0 8205.5
4.5 4.5 8211.0
4.5 3.0 8216.5
4.0 4.5 8222.0
4.5 3.0 8227.5
4.0 4.0 8233.5
3.5 3.5 8240.0
4.5 4.5 8247.5
2.5 3.5 8254.5
4.0 2.5 8259.5
4.0 3.0 8264.5
4.0 4.0 8270.0
2.5 3.0 8275.5
3.5 4.0 8281.5
3.5 4.5 8288.0
4.5 4.5 8295.5
3.0 4.0 8302.5
2.5 4.5 8307.5
3.5 4.5 8312.5
3.0 3.0 8317.5
3.5 4.0 8323.0
4.5 4.0 8329.0
4.0 2.5 8334.5
3.5 4.5 8340.0
4.0 3.5 8346.0
3.5 3.5 8352.5
4.5 4.0 8359.5
3.0 3.5 8365.5
2.5 4.5 8370.5
3.5 3.5 8375.5
3.5 4.5 8380.5
4.0 4.0 8386.0
4.0 3.5 8391.5
4.5 4.5 8396.5
3.5 4.0 8401.5
4.5 4.5 8407.5
3.0 4.0 8413.5
4.5 4.0 8419.0
4.5 4.0 8425.5
4.5 4.0 8431.5
4.5 2.5 8436.5
4.0 4.0 8442.0
3.5 3.0 8448.0
4.5 4.5 8454.5
4.5 4.0 8460.5
4.0 4.5 8466.5
4.0 4.0 8472.5
4.5 3.5 8478.0
3.5 4.0 8483.5
4.0 3.0 8488.5
3.5 4.5 8494.0
3.5 3.5 8499.5
3.0 3.5 8505.0
4.0 3.5 8511.5
4.5 4.0 8518.5
4.0 4.5 8524.5
4.5 4.5 8531.0
4.5 3.5 8538.5
4.0 3.0 8544.5
3.0 3.0 8549.5
4.5 4.5 8555.5
4.0 4.5 8563.0
4.5 4.0 8570.5
4.5 4.5 8577.5
4.0 4.0 8584.5
2.5 3.5 8590.5
4.0 4.5 8596.0
3.0 4.0 8601.5
3.0 3.5 8607.0
4.5 4.5 8613.5
4.0 4.0 8620.5
3.5 3.5 8627.0
3.5 4.0 8633.0
3.5 4.5 8639.5
4.5 4.5 8645.5
4.5 4.5 8650.5
4.0 4.5 8656.0
3.0 4.5 8661.5
3.5 4.0 8667.5
4.5 4.5 8674.5
3.5 3.0 8680.5
4.0 4.0 8687.0
4.0 4.0 8694.5
4.0 4.5 8702.0
4.0 3.5 8709.0
4.0 4.5 8714.5
4.0 4.5 8719.5
3.0 4.0 8725.0
4.5 4.5 8732.5
4.0 4.5 8740.5
3.0 3.5 8746.5
4.0 4.0 8752.0
4.5 4.5 8757.5
4.0 4.0 8763.0
3.5 3.0 8768.5
4.0 4.0 8774.5
4.0 3.5 8781.0
3.5 4.5 8787.0
2.5 4.0 8792.5
4.0 3.0 8797.5
4.0 3.5 8803.5
3.0 4.5 8809.5
4.0 4.0 8814.5
2.5 3.0 8819.5
4.0 4.5 8826.0
3.0 4.5 8833.0
3.5 4.5 8839.5
4.0 4.5 8846.5
2.5 3.0 8852.5
2.5 4.5 8857.5
4.5 4.5 8864.0
3.5 3.5 8870.5
3.0 4.0 8875.5
4.0 4.0 8880.5
3.0 3.5 8885.5
2.5 3.5 8890.5
3.0 3.0 8895.5
3.0 3.0 8900.5
3.5 4.5 8906.0
4.5 4.5 8912.0
4.5 4.0 8918.0
3.5 3.0 8923.5
3.0 4.5 8929.0
4.5 4.5 8935.5
4.5 4.0 8941.5
4.0 4.0 8946.5
4.5 3.5 8951.5
3.5 4.0 8957.5
3.0 4.5 8964.0
4.0 3.0 8970.0
4.0 2.5 8975.5
4.0 4.5 8982.0
4.0 3.0 8988.5
3.5 4.0 8993.5
4.0 4.5 8999.0
3.5 4.5 9004.5
3.0 3.5 9009.5
4.0 4.0 9014.5
2.5 4.0 9019.5
4.5 3.0 9024.5
3.0 3.5 9029.5
4.0 4.5 9035.0
3.5 4.5 9041.5
4.0 3.5 9047.5
3.5 3.0 9052.5
3.0 4.5 9057.5
4.0 4.5 9064.0
3.0 3.5 9070.5
3.5 4.0 9076.5
4.5 3.0 9082.5
4.5 4.5 9087.5
4.0 3.5 9092.5
2.5 3.5 9097.5
4.5 3.0 9102.5
4.0 4.5 9108.0
3.5 4.0 9114.0
3.5 4.5 9120.5
4.0 4.0 9126.5
3.5 3.5 9131.5
3.5 4.5 9136.5
3.5 2.5 9141.5
4.5 3.5 9147.0
4.5 3.5 9153.5
3.0 4.5 9159.5
4.0 3.5 9164.5
3.0 4.0 9169.5
3.0 4.0 9174.5
3.0 3.5 9179.5
4.5 4.0 9186.0
4.0 4.0 9192.5
2.5 3.5 9197.5
3.5 3.5 9202.5
2.5 3.0 9207.5
4.5 4.0 9212.5
4.5 3.5 9217.5
4.0 4.0 9222.5
3.5 3.0 9228.0
4.5 4.0 9234.5
4.5 4.0 9241.5
3.5 4.5 9248.0
3.5 4.0 9253.5
4.0 4.0 9259.5
4.0 3.0 9265.5
4.0 4.0 9271.5
4.0 3.5 9278.5
2.5 4.0 9284.5
3.0 3.5 9289.5
4.0 3.5 9294.5
4.0 4.0 9300.5
4.5 4.0 9307.0
4.0 3.5 9312.5
4.0 3.5 9318.0
4.5 4.0 9324.5
4.5 4.5 9331.0
3.0 4.0 9337.0
3.5 4.5 9342.5
2.5 3.0 9347.5
4.5 4.0 9352.5
2.5 3.0 9357.5
3.0 4.5 9362.5
3.5 3.0 9367.5
4.5 4.5 9374.5
4.0 3.0 9381.5
3.5 4.5 9387.0
4.0 3.5 9392.5
3.5 4.0 9398.0
3.5 4.5 9403.5
3.5 4.5 9409.0
4.0 4.0 9415.5
4.5 4.5 9423.0
4.0 4.0 9429.5
4.0 4.5 9436.0
4.0 4.0 9443.0
3.0 3.0 9448.5
3.0 4.5 9453.5
3.5 4.0 9458.5
3.5 3.5 9464.5
2.5 2.5 9470.5
4.0 4.0 9476.5
4.5 4.5 9483.5
4.5 4.5 9490.0
2.5 4.5 9495.5
4.5 4.0 9502.0
4.5 4.5 9508.5
4.5 4.0 9513.5
4.0 4.5 9520.0
4.0 3.5 9527.0
3.0 4.5 9532.5
3.5 4.5 9537.5
3.0 4.0 9542.5
3.0 2.5 9547.5
4.5 4.5 9553.5
4.0 3.0 9560.0
4.0 4.5 9565.5
4.0 4.5 9572.0
3.0 3.5 9579.0
4.0 4.0 9585.0
4.0 3.5 9591.5
4.0 4.0 9598.5
3.5 4.5 9605.5
3.0 4.0 9612.0
4.5 4.0 9618.5
3.0 4.0 9624.5
3.5 3.0 9629.5
4.5 4.5 9635.5
3.5 4.0 9641.5
3.0 4.5 9646.5
2.5 4.5 9651.5
2.5 4.0 9656.5
4.0 4.0 9662.0
4.0 3.5 9668.0
4.0 3.0 9673.5
3.0 3.5 9678.5
4.5 3.0 9684.0
3.5 2.5 9689.5
4.5 3.5 9694.5
3.5 3.5 9700.0
2.5 4.0 9705.5
4.0 4.0 9711.0
3.0 4.5 9716.5
3.0 3.5 9721.5
3.5 3.5 9727.0
4.0 3.5 9732.5
3.0 3.5 9738.0
2.5 4.5 9743.5
3.0 3.5 9749.0
4.5 3.5 9754.5
3.5 4.5 9760.0
3.0 3.0 9765.5
4.0 4.5 9772.0
4.0 3.5 9778.5
4.0 4.5 9785.0
4.0 4.5 9792.5
4.5 3.5 9799.0
4.0 3.5 9804.5
4.5 4.0 9810.0
3.0 4.5 9815.5
3.5 4.5 9821.0
4.0 4.0 9827.0
4.0 4.5 9833.0
3.5 4.5 9839.0
3.5 3.0 9844.5
4.0 4.5 9850.0
3.5 3.5 9856.0
3.5 4.5 9862.0
4.0 4.0 9867.5
4.0 4.5 9872.5
3.5 4.5 9878.0
3.0 4.0 9884.0
3.0 4.0 9889.5
3.0 3.5 9894.5
4.0 4.5 9899.5
3.0 4.0 9905.0
3.0 4.0 9911.0
4.0 4.5 9917.5
4.5 3.0 9923.5
3.5 3.0 9928.5
4.5 4.5 9935.0
4.0 4.5 9943.0
4.0 4.5 9949.5
3.0 2.5 9954.5
3.5 4.0 9960.0
3.5 4.0 9966.0
3.5 3.0 9972.0
3.0 4.0 9977.5
3.5 4.0 9983.0
4.0 4.5 9988.5
4.5 3.5 9993.5
2.5 3.5 9998.5
4.0 4.5 10004.5
2.5 4.0 10010.5
2.5 2.5 10015.5
3.5 4.0 10021.5
3.0 4.5 10027.5
3.0 4.5 10033.0
4.0 4.5 10039.5
4.0 4.5 10046.5
2.5 3.0 10052.5
4.5 3.5 10058.5
3.5 4.0 10064.5
4.5 3.5 10069.5
4.5 4.5 10076.0
3.0 3.5 10082.5
3.0 4.0 10088.0
4.5 4.0 10094.0
4.0 4.5 10099.5
4.5 4.5 10106.0
3.0 3.5 10112.5
4.5 4.0 10118.0
4.5 3.5 10123.5
4.5 3.5 10128.5
4.0 3.5 10133.5
3.0 3.0 10139.0
4.0 3.5 10144.5
4.5 3.5 10150.5
3.5 4.0 10157.0
4.5 4.0 10162.5
2.5 3.0 10167.5
4.5 4.0 10174.0
4.5 4.0 10182.0
4.5 4.5 10190.0
4.5 4.5 10198.5
3.0 4.0 10205.5
4.5 4.5 10212.0
3.0 4.5 10219.0
4.5 4.5 10224.5
4.5 4.0 10230.0
4.5 3.5 10236.5
4.5 3.0 10243.0
3.5 4.0 10248.5
4.5 4.5 10255.0
4.5 4.0 10262.5
3.5 4.5 10268.5
3.5 3.0 10274.0
4.5 4.5 10280.0
4.5 4.5 10286.5
3.5 3.0 10292.5
4.5 4.0 10298.0
4.0 3.0 10303.5
4.5 4.0 10308.5
3.0 4.5 10314.0
4.5 4.0 10319.5
4.0 4.0 10324.5
4.5 3.5 10329.5
3.0 3.5 10334.5
3.0 4.5 10339.5
4.0 3.0 10344.5
3.5 4.5 10349.5
3.0 3.5 10355.0
3.5 3.5 10360.5
4.5 3.0 10365.5
4.5 4.0 10370.5
4.5 4.0 10375.5
3.5 4.5 10381.0
3.5 3.5 10387.0
4.5 4.5 10392.5
3.0 4.5 10398.0
4.5 3.5 10404.0
4.0 3.0 10409.5
4.5 2.5 10414.5
4.0 4.5 10420.5
4.5 4.0 10428.0
4.5 4.5 10436.0
2.5 4.5 10442.5
3.0 4.0 10447.5
3.5 4.5 10452.5
3.5 4.5 10457.5
4.0 4.5 10464.0
4.5 4.0 10471.0
3.0 3.5 10476.5
4.5 3.5 10482.5
3.0 3.0 10489.0
4.5 4.5 10495.5
4.0 3.5 10502.5
3.5 3.5 10508.5
4.0 4.0 10513.5
4.5 4.0 10519.0
4.0 3.5 10525.5
4.0 3.5 10531.5
3.0 4.5 10537.0
4.0 3.5 10542.5
4.0 4.5 10549.0
4.0 3.5 10555.5
4.0 3.0 10560.5
3.0 4.5 10565.5
4.0 4.5 10572.0
4.0 4.5 10578.5
4.0 4.5 10585.0
3.5 4.5 10591.5
3.0 3.0 10597.0
3.0 3.0 10602.5
4.5 4.5 10608.0
4.0 4.0 10614.5
3.0 3.5 10620.5
4.5 3.5 10626.0
4.0 4.0 10632.0
4.0 4.0 10638.0
3.0 4.0 10643.5
3.0 4.0 10648.5
4.0 4.0 10653.5
4.5 4.5 10658.5
4.0 4.5 10664.0
3.5 4.5 10670.5
3.0 4.0 10677.0
4.0 3.5 10683.0
3.5 3.5 10688.5
3.0 3.0 10693.5
3.0 4.0 10698.5
3.5 3.0 10704.0
3.0 3.5 10710.0
2.5 3.0 10715.5
4.5 3.5 10721.0
3.0 4.0 10727.0
3.0 4.5 10732.5
4.0 3.5 10738.0
4.5 4.5 10743.5
4.0 4.0 10749.0
3.0 4.5 10754.5
3.5 4.5 10760.5
4.5 4.5 10766.5
3.0 3.0 10771.5
4.0 3.5 10776.5
4.0 3.5 10782.0
4.0 4.5 10787.5
4.5 3.5 10793.0
3.5 4.5 10799.0
3.5 4.0 10805.5
3.0 4.5 10812.0
3.5 2.5 10817.5
3.5 4.5 10823.0
3.5 4.0 10829.5
3.0 4.0 10836.0
4.0 3.0 10842.0
3.5 3.5 10848.0
4.0 4.0 10854.5
4.0 4.0 10860.5
3.0 3.0 10865.5
3.5 4.0 10871.0
4.5 4.5 10877.0
4.0 4.0 10883.0
4.0 4.0 10889.5
4.0 4.0 10896.5
4.5 4.5 10903.0
4.5 4.5 10909.0
4.5 4.5 10915.5
4.0 4.0 10922.5
3.5 3.5 10928.5
4.0 3.0 10933.5
4.5 4.0 10939.0
4.0 2.5 10944.5
3.0 2.5 10949.5
4.5 4.0 10955.5
4.5 3.0 10961.5
4.5 4.0 10966.5
3.5 4.0 10972.0
4.0 4.0 10978.5
2.5 4.0 10984.5
3.5 4.0 10989.5
4.5 3.5 10995.0
3.5 2.5 11000.5
3.5 4.0 11006.0
3.5 4.0 11012.0
3.0 4.5 11017.5
3.5 4.5 11023.5
4.5 4.5 11029.5
3.5 3.5 11034.5
4.5 4.0 11039.5
4.0 4.5 11044.5
4.0 3.5 11049.5
4.0 4.5 11056.0
4.5 4.5 11063.5
3.5 4.0 11070.0
3.5 3.5 11075.5
3.0 4.0 11080.5
4.0 3.5 11086.0
4.0 4.0 11092.0
4.5 3.5 11098.0
3.5 4.5 11104.0
4.5 3.5 11110.0
4.0 4.0 11115.5
2.5 3.5 11120.5
4.0 4.0 11125.5
4.5 4.5 11132.0
2.5 4.5 11138.5
3.5 3.0 11143.5
2.5 3.5 11148.5
4.0 4.0 11154.5
3.5 4.0 11161.0
4.0 4.0 11167.5
4.5 4.5 11174.5
4.0 4.5 11180.5
3.0 3.5 11185.5
4.0 4.0 11191.5
3.0 3.5 11197.5
4.0 3.5 11203.0
4.5 4.5 11208.5
4.5 3.5 11213.5
4.5 3.0 11218.5
4.5 3.5 11223.5
2.5 4.0 11228.5
3.5 3.0 11233.5
4.0 3.0 11239.0
2.5 4.0 11244.5
3.0 3.0 11249.5
4.0 4.5 11255.0
2.5 3.5 11260.5
4.0 4.0 11266.0
3.5 3.5 11271.5
4.5 3.5 11276.5
3.5 4.5 11282.0
4.5 4.5 11289.5
3.5 3.5 11297.0
4.0 2.5 11302.5
4.0 4.5 11308.0
4.0 4.0 11314.0
3.5 4.0 11319.5
4.5 4.0 11325.5
4.5 4.0 11332.0
4.5 4.5 11339.0
3.5 4.0 11346.5
3.5 3.0 11352.5
2.5 4.5 11357.5
3.5 3.5 11362.5
2.5 3.0 11367.5
4.0 4.0 11373.5
3.0 3.5 11380.0
4.5 4.0 11385.5
4.5 4.5 11392.0
3.5 4.0 11399.0
4.0 4.5 11406.0
4.0 3.5 11413.5
3.0 3.5 11420.0
3.5 3.5 11425.5
4.5 4.0 11430.5
3.5 4.0 11436.5
3.5 4.0 11442.5
4.5 4.0 11448.5
2.5 3.5 11454.5
4.5 4.5 11460.5
3.5 3.5 11466.5
4.0 3.5 11472.5
4.0 4.0 11478.5
3.0 3.5 11483.5
3.5 4.5 11488.5
4.0 4.0 11494.5
3.5 4.5 11500.5
3.5 4.0 11506.5
4.5 4.5 11513.0
3.5 4.0 11518.5
4.0 3.0 11523.5
3.5 3.5 11529.0
4.0 4.5 11534.5
4.0 4.5 11541.0
4.0 4.0 11548.0
4.0 4.0 11553.5
3.0 3.0 11558.5
3.0 3.5 11563.5
4.0 2.5 11568.5
2.5 4.0 11573.5
4.5 4.5 11580.0
3.5 3.0 11587.0
4.0 3.5 11592.5
4.5 4.0 11598.5
4.0 4.0 11605.5
4.0 3.5 11612.0
2.5 3.0 11617.5
4.5 4.5 11623.0
